========================================
LPR381 OUTPUT - BRANCH & BOUND SIMPLEX
========================================

Total sub-problems (nodes) generated: 5

========================================
NODE 0 (parent -1, depth 0)
========================================
----------------------------------------
CANONICAL FORM
----------------------------------------

Row             x1        x2        x3        x4        x5        x6        s1       sb1       sb2       sb3       sb4       sb5       sb6       RHS
C1          11,000     8,000     6,000    14,000    10,000    10,000     1,000     0,000     0,000     0,000     0,000     0,000     0,000    40,000
C2           1,000     0,000     0,000     0,000     0,000     0,000     0,000     1,000     0,000     0,000     0,000     0,000     0,000     1,000
C3           0,000     1,000     0,000     0,000     0,000     0,000     0,000     0,000     1,000     0,000     0,000     0,000     0,000     1,000
C4           0,000     0,000     1,000     0,000     0,000     0,000     0,000     0,000     0,000     1,000     0,000     0,000     0,000     1,000
C5           0,000     0,000     0,000     1,000     0,000     0,000     0,000     0,000     0,000     0,000     1,000     0,000     0,000     1,000
C6           0,000     0,000     0,000     0,000     1,000     0,000     0,000     0,000     0,000     0,000     0,000     1,000     0,000     1,000
C7           0,000     0,000     0,000     0,000     0,000     1,000     0,000     0,000     0,000     0,000     0,000     0,000     1,000     1,000
Obj          2,000     3,000     3,000     5,000     2,000     4,000     0,000     0,000     0,000     0,000     0,000     0,000     0,000     0,000

Iterations:

Iteration: 1
Entering: x4
Leaving: sb4

Row             x1        x2        x3        x4        x5        x6        s1       sb1       sb2       sb3       sb4       sb5       sb6       RHS
C1          11,000     8,000     6,000     0,000    10,000    10,000     1,000     0,000     0,000     0,000   -14,000     0,000     0,000    26,000
C2           1,000     0,000     0,000     0,000     0,000     0,000     0,000     1,000     0,000     0,000     0,000     0,000     0,000     1,000
C3           0,000     1,000     0,000     0,000     0,000     0,000     0,000     0,000     1,000     0,000     0,000     0,000     0,000     1,000
C4           0,000     0,000     1,000     0,000     0,000     0,000     0,000     0,000     0,000     1,000     0,000     0,000     0,000     1,000
C5           0,000     0,000     0,000     1,000     0,000     0,000     0,000     0,000     0,000     0,000     1,000     0,000     0,000     1,000
C6           0,000     0,000     0,000     0,000     1,000     0,000     0,000     0,000     0,000     0,000     0,000     1,000     0,000     1,000
C7           0,000     0,000     0,000     0,000     0,000     1,000     0,000     0,000     0,000     0,000     0,000     0,000     1,000     1,000
Z           -2,000    -3,000    -3,000     0,000    -2,000    -4,000     0,000     0,000     0,000     0,000     5,000     0,000     0,000     5,000

Iteration: 2
Entering: x6
Leaving: sb6

Row             x1        x2        x3        x4        x5        x6        s1       sb1       sb2       sb3       sb4       sb5       sb6       RHS
C1          11,000     8,000     6,000     0,000    10,000     0,000     1,000     0,000     0,000     0,000   -14,000     0,000   -10,000    16,000
C2           1,000     0,000     0,000     0,000     0,000     0,000     0,000     1,000     0,000     0,000     0,000     0,000     0,000     1,000
C3           0,000     1,000     0,000     0,000     0,000     0,000     0,000     0,000     1,000     0,000     0,000     0,000     0,000     1,000
C4           0,000     0,000     1,000     0,000     0,000     0,000     0,000     0,000     0,000     1,000     0,000     0,000     0,000     1,000
C5           0,000     0,000     0,000     1,000     0,000     0,000     0,000     0,000     0,000     0,000     1,000     0,000     0,000     1,000
C6           0,000     0,000     0,000     0,000     1,000     0,000     0,000     0,000     0,000     0,000     0,000     1,000     0,000     1,000
C7           0,000     0,000     0,000     0,000     0,000     1,000     0,000     0,000     0,000     0,000     0,000     0,000     1,000     1,000
Z           -2,000    -3,000    -3,000     0,000    -2,000     0,000     0,000     0,000     0,000     0,000     5,000     0,000     4,000     9,000

Iteration: 3
Entering: x2
Leaving: sb2

Row             x1        x2        x3        x4        x5        x6        s1       sb1       sb2       sb3       sb4       sb5       sb6       RHS
C1          11,000     0,000     6,000     0,000    10,000     0,000     1,000     0,000    -8,000     0,000   -14,000     0,000   -10,000     8,000
C2           1,000     0,000     0,000     0,000     0,000     0,000     0,000     1,000     0,000     0,000     0,000     0,000     0,000     1,000
C3           0,000     1,000     0,000     0,000     0,000     0,000     0,000     0,000     1,000     0,000     0,000     0,000     0,000     1,000
C4           0,000     0,000     1,000     0,000     0,000     0,000     0,000     0,000     0,000     1,000     0,000     0,000     0,000     1,000
C5           0,000     0,000     0,000     1,000     0,000     0,000     0,000     0,000     0,000     0,000     1,000     0,000     0,000     1,000
C6           0,000     0,000     0,000     0,000     1,000     0,000     0,000     0,000     0,000     0,000     0,000     1,000     0,000     1,000
C7           0,000     0,000     0,000     0,000     0,000     1,000     0,000     0,000     0,000     0,000     0,000     0,000     1,000     1,000
Z           -2,000     0,000    -3,000     0,000    -2,000     0,000     0,000     0,000     3,000     0,000     5,000     0,000     4,000    12,000

Iteration: 4
Entering: x3
Leaving: sb3

Row             x1        x2        x3        x4        x5        x6        s1       sb1       sb2       sb3       sb4       sb5       sb6       RHS
C1          11,000     0,000     0,000     0,000    10,000     0,000     1,000     0,000    -8,000    -6,000   -14,000     0,000   -10,000     2,000
C2           1,000     0,000     0,000     0,000     0,000     0,000     0,000     1,000     0,000     0,000     0,000     0,000     0,000     1,000
C3           0,000     1,000     0,000     0,000     0,000     0,000     0,000     0,000     1,000     0,000     0,000     0,000     0,000     1,000
C4           0,000     0,000     1,000     0,000     0,000     0,000     0,000     0,000     0,000     1,000     0,000     0,000     0,000     1,000
C5           0,000     0,000     0,000     1,000     0,000     0,000     0,000     0,000     0,000     0,000     1,000     0,000     0,000     1,000
C6           0,000     0,000     0,000     0,000     1,000     0,000     0,000     0,000     0,000     0,000     0,000     1,000     0,000     1,000
C7           0,000     0,000     0,000     0,000     0,000     1,000     0,000     0,000     0,000     0,000     0,000     0,000     1,000     1,000
Z           -2,000     0,000     0,000     0,000    -2,000     0,000     0,000     0,000     3,000     3,000     5,000     0,000     4,000    15,000

Iteration: 5
Entering: x1
Leaving: s1

Row             x1        x2        x3        x4        x5        x6        s1       sb1       sb2       sb3       sb4       sb5       sb6       RHS
C1           1,000     0,000     0,000     0,000     0,909     0,000     0,091     0,000    -0,727    -0,545    -1,273     0,000    -0,909     0,182
C2           0,000     0,000     0,000     0,000    -0,909     0,000    -0,091     1,000     0,727     0,545     1,273     0,000     0,909     0,818
C3           0,000     1,000     0,000     0,000     0,000     0,000     0,000     0,000     1,000     0,000     0,000     0,000     0,000     1,000
C4           0,000     0,000     1,000     0,000     0,000     0,000     0,000     0,000     0,000     1,000     0,000     0,000     0,000     1,000
C5           0,000     0,000     0,000     1,000     0,000     0,000     0,000     0,000     0,000     0,000     1,000     0,000     0,000     1,000
C6           0,000     0,000     0,000     0,000     1,000     0,000     0,000     0,000     0,000     0,000     0,000     1,000     0,000     1,000
C7           0,000     0,000     0,000     0,000     0,000     1,000     0,000     0,000     0,000     0,000     0,000     0,000     1,000     1,000
Z            0,000     0,000     0,000     0,000    -0,182     0,000     0,182     0,000     1,545     1,909     2,455     0,000     2,182    15,364

Iteration: 6  (final tableau)
Entering: x5
Leaving: x1

Row             x1        x2        x3        x4        x5        x6        s1       sb1       sb2       sb3       sb4       sb5       sb6       RHS
C1           1,100     0,000     0,000     0,000     1,000     0,000     0,100     0,000    -0,800    -0,600    -1,400     0,000    -1,000     0,200
C2           1,000     0,000     0,000     0,000     0,000     0,000     0,000     1,000     0,000     0,000     0,000     0,000     0,000     1,000
C3           0,000     1,000     0,000     0,000     0,000     0,000     0,000     0,000     1,000     0,000     0,000     0,000     0,000     1,000
C4           0,000     0,000     1,000     0,000     0,000     0,000     0,000     0,000     0,000     1,000     0,000     0,000     0,000     1,000
C5           0,000     0,000     0,000     1,000     0,000     0,000     0,000     0,000     0,000     0,000     1,000     0,000     0,000     1,000
C6          -1,100     0,000     0,000     0,000     0,000     0,000    -0,100     0,000     0,800     0,600     1,400     1,000     1,000     0,800
C7           0,000     0,000     0,000     0,000     0,000     1,000     0,000     0,000     0,000     0,000     0,000     0,000     1,000     1,000
Z            0,200     0,000     0,000     0,000     0,000     0,000     0,200     0,000     1,400     1,800     2,200     0,000     2,000    15,400

Relaxation status: Optimal, objective: 15,400
Branching on x5 = 0,200 -> child nodes 1 (<=) and 2 (>=)

========================================
NODE 1 (parent 0, depth 1)
========================================
----------------------------------------
CANONICAL FORM
----------------------------------------

Row             x1        x2        x3        x4        x5        x6        s1        s2       sb1       sb2       sb3       sb4       sb5       sb6       RHS
C1          11,000     8,000     6,000    14,000    10,000    10,000     1,000     0,000     0,000     0,000     0,000     0,000     0,000     0,000    40,000
C2           0,000     0,000     0,000     0,000     1,000     0,000     0,000     1,000     0,000     0,000     0,000     0,000     0,000     0,000     0,000
C3           1,000     0,000     0,000     0,000     0,000     0,000     0,000     0,000     1,000     0,000     0,000     0,000     0,000     0,000     1,000
C4           0,000     1,000     0,000     0,000     0,000     0,000     0,000     0,000     0,000     1,000     0,000     0,000     0,000     0,000     1,000
C5           0,000     0,000     1,000     0,000     0,000     0,000     0,000     0,000     0,000     0,000     1,000     0,000     0,000     0,000     1,000
C6           0,000     0,000     0,000     1,000     0,000     0,000     0,000     0,000     0,000     0,000     0,000     1,000     0,000     0,000     1,000
C7           0,000     0,000     0,000     0,000     1,000     0,000     0,000     0,000     0,000     0,000     0,000     0,000     1,000     0,000     1,000
C8           0,000     0,000     0,000     0,000     0,000     1,000     0,000     0,000     0,000     0,000     0,000     0,000     0,000     1,000     1,000
Obj          2,000     3,000     3,000     5,000     2,000     4,000     0,000     0,000     0,000     0,000     0,000     0,000     0,000     0,000     0,000

Iterations:

Iteration: 1
Entering: x4
Leaving: sb4

Row             x1        x2        x3        x4        x5        x6        s1        s2       sb1       sb2       sb3       sb4       sb5       sb6       RHS
C1          11,000     8,000     6,000     0,000    10,000    10,000     1,000     0,000     0,000     0,000     0,000   -14,000     0,000     0,000    26,000
C2           0,000     0,000     0,000     0,000     1,000     0,000     0,000     1,000     0,000     0,000     0,000     0,000     0,000     0,000     0,000
C3           1,000     0,000     0,000     0,000     0,000     0,000     0,000     0,000     1,000     0,000     0,000     0,000     0,000     0,000     1,000
C4           0,000     1,000     0,000     0,000     0,000     0,000     0,000     0,000     0,000     1,000     0,000     0,000     0,000     0,000     1,000
C5           0,000     0,000     1,000     0,000     0,000     0,000     0,000     0,000     0,000     0,000     1,000     0,000     0,000     0,000     1,000
C6           0,000     0,000     0,000     1,000     0,000     0,000     0,000     0,000     0,000     0,000     0,000     1,000     0,000     0,000     1,000
C7           0,000     0,000     0,000     0,000     1,000     0,000     0,000     0,000     0,000     0,000     0,000     0,000     1,000     0,000     1,000
C8           0,000     0,000     0,000     0,000     0,000     1,000     0,000     0,000     0,000     0,000     0,000     0,000     0,000     1,000     1,000
Z           -2,000    -3,000    -3,000     0,000    -2,000    -4,000     0,000     0,000     0,000     0,000     0,000     5,000     0,000     0,000     5,000

Iteration: 2
Entering: x6
Leaving: sb6

Row             x1        x2        x3        x4        x5        x6        s1        s2       sb1       sb2       sb3       sb4       sb5       sb6       RHS
C1          11,000     8,000     6,000     0,000    10,000     0,000     1,000     0,000     0,000     0,000     0,000   -14,000     0,000   -10,000    16,000
C2           0,000     0,000     0,000     0,000     1,000     0,000     0,000     1,000     0,000     0,000     0,000     0,000     0,000     0,000     0,000
C3           1,000     0,000     0,000     0,000     0,000     0,000     0,000     0,000     1,000     0,000     0,000     0,000     0,000     0,000     1,000
C4           0,000     1,000     0,000     0,000     0,000     0,000     0,000     0,000     0,000     1,000     0,000     0,000     0,000     0,000     1,000
C5           0,000     0,000     1,000     0,000     0,000     0,000     0,000     0,000     0,000     0,000     1,000     0,000     0,000     0,000     1,000
C6           0,000     0,000     0,000     1,000     0,000     0,000     0,000     0,000     0,000     0,000     0,000     1,000     0,000     0,000     1,000
C7           0,000     0,000     0,000     0,000     1,000     0,000     0,000     0,000     0,000     0,000     0,000     0,000     1,000     0,000     1,000
C8           0,000     0,000     0,000     0,000     0,000     1,000     0,000     0,000     0,000     0,000     0,000     0,000     0,000     1,000     1,000
Z           -2,000    -3,000    -3,000     0,000    -2,000     0,000     0,000     0,000     0,000     0,000     0,000     5,000     0,000     4,000     9,000

Iteration: 3
Entering: x2
Leaving: sb2

Row             x1        x2        x3        x4        x5        x6        s1        s2       sb1       sb2       sb3       sb4       sb5       sb6       RHS
C1          11,000     0,000     6,000     0,000    10,000     0,000     1,000     0,000     0,000    -8,000     0,000   -14,000     0,000   -10,000     8,000
C2           0,000     0,000     0,000     0,000     1,000     0,000     0,000     1,000     0,000     0,000     0,000     0,000     0,000     0,000     0,000
C3           1,000     0,000     0,000     0,000     0,000     0,000     0,000     0,000     1,000     0,000     0,000     0,000     0,000     0,000     1,000
C4           0,000     1,000     0,000     0,000     0,000     0,000     0,000     0,000     0,000     1,000     0,000     0,000     0,000     0,000     1,000
C5           0,000     0,000     1,000     0,000     0,000     0,000     0,000     0,000     0,000     0,000     1,000     0,000     0,000     0,000     1,000
C6           0,000     0,000     0,000     1,000     0,000     0,000     0,000     0,000     0,000     0,000     0,000     1,000     0,000     0,000     1,000
C7           0,000     0,000     0,000     0,000     1,000     0,000     0,000     0,000     0,000     0,000     0,000     0,000     1,000     0,000     1,000
C8           0,000     0,000     0,000     0,000     0,000     1,000     0,000     0,000     0,000     0,000     0,000     0,000     0,000     1,000     1,000
Z           -2,000     0,000    -3,000     0,000    -2,000     0,000     0,000     0,000     0,000     3,000     0,000     5,000     0,000     4,000    12,000

Iteration: 4
Entering: x3
Leaving: sb3

Row             x1        x2        x3        x4        x5        x6        s1        s2       sb1       sb2       sb3       sb4       sb5       sb6       RHS
C1          11,000     0,000     0,000     0,000    10,000     0,000     1,000     0,000     0,000    -8,000    -6,000   -14,000     0,000   -10,000     2,000
C2           0,000     0,000     0,000     0,000     1,000     0,000     0,000     1,000     0,000     0,000     0,000     0,000     0,000     0,000     0,000
C3           1,000     0,000     0,000     0,000     0,000     0,000     0,000     0,000     1,000     0,000     0,000     0,000     0,000     0,000     1,000
C4           0,000     1,000     0,000     0,000     0,000     0,000     0,000     0,000     0,000     1,000     0,000     0,000     0,000     0,000     1,000
C5           0,000     0,000     1,000     0,000     0,000     0,000     0,000     0,000     0,000     0,000     1,000     0,000     0,000     0,000     1,000
C6           0,000     0,000     0,000     1,000     0,000     0,000     0,000     0,000     0,000     0,000     0,000     1,000     0,000     0,000     1,000
C7           0,000     0,000     0,000     0,000     1,000     0,000     0,000     0,000     0,000     0,000     0,000     0,000     1,000     0,000     1,000
C8           0,000     0,000     0,000     0,000     0,000     1,000     0,000     0,000     0,000     0,000     0,000     0,000     0,000     1,000     1,000
Z           -2,000     0,000     0,000     0,000    -2,000     0,000     0,000     0,000     0,000     3,000     3,000     5,000     0,000     4,000    15,000

Iteration: 5
Entering: x1
Leaving: s1

Row             x1        x2        x3        x4        x5        x6        s1        s2       sb1       sb2       sb3       sb4       sb5       sb6       RHS
C1           1,000     0,000     0,000     0,000     0,909     0,000     0,091     0,000     0,000    -0,727    -0,545    -1,273     0,000    -0,909     0,182
C2           0,000     0,000     0,000     0,000     1,000     0,000     0,000     1,000     0,000     0,000     0,000     0,000     0,000     0,000     0,000
C3           0,000     0,000     0,000     0,000    -0,909     0,000    -0,091     0,000     1,000     0,727     0,545     1,273     0,000     0,909     0,818
C4           0,000     1,000     0,000     0,000     0,000     0,000     0,000     0,000     0,000     1,000     0,000     0,000     0,000     0,000     1,000
C5           0,000     0,000     1,000     0,000     0,000     0,000     0,000     0,000     0,000     0,000     1,000     0,000     0,000     0,000     1,000
C6           0,000     0,000     0,000     1,000     0,000     0,000     0,000     0,000     0,000     0,000     0,000     1,000     0,000     0,000     1,000
C7           0,000     0,000     0,000     0,000     1,000     0,000     0,000     0,000     0,000     0,000     0,000     0,000     1,000     0,000     1,000
C8           0,000     0,000     0,000     0,000     0,000     1,000     0,000     0,000     0,000     0,000     0,000     0,000     0,000     1,000     1,000
Z            0,000     0,000     0,000     0,000    -0,182     0,000     0,182     0,000     0,000     1,545     1,909     2,455     0,000     2,182    15,364

Iteration: 6  (final tableau)
Entering: x5
Leaving: s2

Row             x1        x2        x3        x4        x5        x6        s1        s2       sb1       sb2       sb3       sb4       sb5       sb6       RHS
C1           1,000     0,000     0,000     0,000     0,000     0,000     0,091    -0,909     0,000    -0,727    -0,545    -1,273     0,000    -0,909     0,182
C2           0,000     0,000     0,000     0,000     1,000     0,000     0,000     1,000     0,000     0,000     0,000     0,000     0,000     0,000     0,000
C3           0,000     0,000     0,000     0,000     0,000     0,000    -0,091     0,909     1,000     0,727     0,545     1,273     0,000     0,909     0,818
C4           0,000     1,000     0,000     0,000     0,000     0,000     0,000     0,000     0,000     1,000     0,000     0,000     0,000     0,000     1,000
C5           0,000     0,000     1,000     0,000     0,000     0,000     0,000     0,000     0,000     0,000     1,000     0,000     0,000     0,000     1,000
C6           0,000     0,000     0,000     1,000     0,000     0,000     0,000     0,000     0,000     0,000     0,000     1,000     0,000     0,000     1,000
C7           0,000     0,000     0,000     0,000     0,000     0,000     0,000    -1,000     0,000     0,000     0,000     0,000     1,000     0,000     1,000
C8           0,000     0,000     0,000     0,000     0,000     1,000     0,000     0,000     0,000     0,000     0,000     0,000     0,000     1,000     1,000
Z            0,000     0,000     0,000     0,000     0,000     0,000     0,182     0,182     0,000     1,545     1,909     2,455     0,000     2,182    15,364

Relaxation status: Optimal, objective: 15,364
Branching on x1 = 0,182 -> child nodes 3 (<=) and 4 (>=)

========================================
NODE 2 (parent 0, depth 1)
========================================
----------------------------------------
CANONICAL FORM
----------------------------------------

Row             x1        x2        x3        x4        x5        x6        s1        e2        a2       sb1       sb2       sb3       sb4       sb5       sb6       RHS
C1          11,000     8,000     6,000    14,000    10,000    10,000     1,000     0,000     0,000     0,000     0,000     0,000     0,000     0,000     0,000    40,000
C2           0,000     0,000     0,000     0,000     1,000     0,000     0,000    -1,000     1,000     0,000     0,000     0,000     0,000     0,000     0,000     1,000
C3           1,000     0,000     0,000     0,000     0,000     0,000     0,000     0,000     0,000     1,000     0,000     0,000     0,000     0,000     0,000     1,000
C4           0,000     1,000     0,000     0,000     0,000     0,000     0,000     0,000     0,000     0,000     1,000     0,000     0,000     0,000     0,000     1,000
C5           0,000     0,000     1,000     0,000     0,000     0,000     0,000     0,000     0,000     0,000     0,000     1,000     0,000     0,000     0,000     1,000
C6           0,000     0,000     0,000     1,000     0,000     0,000     0,000     0,000     0,000     0,000     0,000     0,000     1,000     0,000     0,000     1,000
C7           0,000     0,000     0,000     0,000     1,000     0,000     0,000     0,000     0,000     0,000     0,000     0,000     0,000     1,000     0,000     1,000
C8           0,000     0,000     0,000     0,000     0,000     1,000     0,000     0,000     0,000     0,000     0,000     0,000     0,000     0,000     1,000     1,000
Obj          2,000     3,000     3,000     5,000     2,000     4,000     0,000     0,000     0,000     0,000     0,000     0,000     0,000     0,000     0,000     0,000

Iterations:

Iteration: 0

Row             x1        x2        x3        x4        x5        x6        s1        e2        a2       sb1       sb2       sb3       sb4       sb5       sb6       RHS
C1          11,000     8,000     6,000    14,000    10,000    10,000     1,000     0,000     0,000     0,000     0,000     0,000     0,000     0,000     0,000    40,000
C2           0,000     0,000     0,000     0,000     1,000     0,000     0,000    -1,000     1,000     0,000     0,000     0,000     0,000     0,000     0,000     1,000
C3           1,000     0,000     0,000     0,000     0,000     0,000     0,000     0,000     0,000     1,000     0,000     0,000     0,000     0,000     0,000     1,000
C4           0,000     1,000     0,000     0,000     0,000     0,000     0,000     0,000     0,000     0,000     1,000     0,000     0,000     0,000     0,000     1,000
C5           0,000     0,000     1,000     0,000     0,000     0,000     0,000     0,000     0,000     0,000     0,000     1,000     0,000     0,000     0,000     1,000
C6           0,000     0,000     0,000     1,000     0,000     0,000     0,000     0,000     0,000     0,000     0,000     0,000     1,000     0,000     0,000     1,000
C7           0,000     0,000     0,000     0,000     1,000     0,000     0,000     0,000     0,000     0,000     0,000     0,000     0,000     1,000     0,000     1,000
C8           0,000     0,000     0,000     0,000     0,000     1,000     0,000     0,000     0,000     0,000     0,000     0,000     0,000     0,000     1,000     1,000
Z            0,000     0,000     0,000     0,000     0,000     0,000     0,000     0,000     0,000     0,000     0,000     0,000     0,000     0,000     0,000     0,000

Iteration: 0
Entering: Phase 1

Row             x1        x2        x3        x4        x5        x6        s1        e2        a2       sb1       sb2       sb3       sb4       sb5       sb6       RHS
C1          11,000     8,000     6,000    14,000    10,000    10,000     1,000     0,000     0,000     0,000     0,000     0,000     0,000     0,000     0,000    40,000
C2           0,000     0,000     0,000     0,000     1,000     0,000     0,000    -1,000     1,000     0,000     0,000     0,000     0,000     0,000     0,000     1,000
C3           1,000     0,000     0,000     0,000     0,000     0,000     0,000     0,000     0,000     1,000     0,000     0,000     0,000     0,000     0,000     1,000
C4           0,000     1,000     0,000     0,000     0,000     0,000     0,000     0,000     0,000     0,000     1,000     0,000     0,000     0,000     0,000     1,000
C5           0,000     0,000     1,000     0,000     0,000     0,000     0,000     0,000     0,000     0,000     0,000     1,000     0,000     0,000     0,000     1,000
C6           0,000     0,000     0,000     1,000     0,000     0,000     0,000     0,000     0,000     0,000     0,000     0,000     1,000     0,000     0,000     1,000
C7           0,000     0,000     0,000     0,000     1,000     0,000     0,000     0,000     0,000     0,000     0,000     0,000     0,000     1,000     0,000     1,000
C8           0,000     0,000     0,000     0,000     0,000     1,000     0,000     0,000     0,000     0,000     0,000     0,000     0,000     0,000     1,000     1,000
Z            0,000     0,000     0,000     0,000    -1,000     0,000     0,000     1,000     0,000     0,000     0,000     0,000     0,000     0,000     0,000    -1,000

Iteration: 1  (final tableau)
Entering: x5
Leaving: a2

Row             x1        x2        x3        x4        x5        x6        s1        e2        a2       sb1       sb2       sb3       sb4       sb5       sb6       RHS
C1          11,000     8,000     6,000    14,000     0,000    10,000     1,000    10,000   -10,000     0,000     0,000     0,000     0,000     0,000     0,000    30,000
C2           0,000     0,000     0,000     0,000     1,000     0,000     0,000    -1,000     1,000     0,000     0,000     0,000     0,000     0,000     0,000     1,000
C3           1,000     0,000     0,000     0,000     0,000     0,000     0,000     0,000     0,000     1,000     0,000     0,000     0,000     0,000     0,000     1,000
C4           0,000     1,000     0,000     0,000     0,000     0,000     0,000     0,000     0,000     0,000     1,000     0,000     0,000     0,000     0,000     1,000
C5           0,000     0,000     1,000     0,000     0,000     0,000     0,000     0,000     0,000     0,000     0,000     1,000     0,000     0,000     0,000     1,000
C6           0,000     0,000     0,000     1,000     0,000     0,000     0,000     0,000     0,000     0,000     0,000     0,000     1,000     0,000     0,000     1,000
C7           0,000     0,000     0,000     0,000     0,000     0,000     0,000     1,000    -1,000     0,000     0,000     0,000     0,000     1,000     0,000     0,000
C8           0,000     0,000     0,000     0,000     0,000     1,000     0,000     0,000     0,000     0,000     0,000     0,000     0,000     0,000     1,000     1,000
Z            0,000     0,000     0,000     0,000     0,000     0,000     0,000     0,000     1,000     0,000     0,000     0,000     0,000     0,000     0,000     0,000

Iteration: 1
Entering: x4
Leaving: sb4

Row             x1        x2        x3        x4        x5        x6        s1        e2        a2       sb1       sb2       sb3       sb4       sb5       sb6       RHS
C1          11,000     8,000     6,000     0,000     0,000    10,000     1,000    10,000   -10,000     0,000     0,000     0,000   -14,000     0,000     0,000    16,000
C2           0,000     0,000     0,000     0,000     1,000     0,000     0,000    -1,000     1,000     0,000     0,000     0,000     0,000     0,000     0,000     1,000
C3           1,000     0,000     0,000     0,000     0,000     0,000     0,000     0,000     0,000     1,000     0,000     0,000     0,000     0,000     0,000     1,000
C4           0,000     1,000     0,000     0,000     0,000     0,000     0,000     0,000     0,000     0,000     1,000     0,000     0,000     0,000     0,000     1,000
C5           0,000     0,000     1,000     0,000     0,000     0,000     0,000     0,000     0,000     0,000     0,000     1,000     0,000     0,000     0,000     1,000
C6           0,000     0,000     0,000     1,000     0,000     0,000     0,000     0,000     0,000     0,000     0,000     0,000     1,000     0,000     0,000     1,000
C7           0,000     0,000     0,000     0,000     0,000     0,000     0,000     1,000    -1,000     0,000     0,000     0,000     0,000     1,000     0,000     0,000
C8           0,000     0,000     0,000     0,000     0,000     1,000     0,000     0,000     0,000     0,000     0,000     0,000     0,000     0,000     1,000     1,000
Z           -2,000    -3,000    -3,000     0,000     0,000    -4,000     0,000    -2,000     2,000     0,000     0,000     0,000     5,000     0,000     0,000     7,000

Iteration: 2
Entering: x6
Leaving: sb6

Row             x1        x2        x3        x4        x5        x6        s1        e2        a2       sb1       sb2       sb3       sb4       sb5       sb6       RHS
C1          11,000     8,000     6,000     0,000     0,000     0,000     1,000    10,000   -10,000     0,000     0,000     0,000   -14,000     0,000   -10,000     6,000
C2           0,000     0,000     0,000     0,000     1,000     0,000     0,000    -1,000     1,000     0,000     0,000     0,000     0,000     0,000     0,000     1,000
C3           1,000     0,000     0,000     0,000     0,000     0,000     0,000     0,000     0,000     1,000     0,000     0,000     0,000     0,000     0,000     1,000
C4           0,000     1,000     0,000     0,000     0,000     0,000     0,000     0,000     0,000     0,000     1,000     0,000     0,000     0,000     0,000     1,000
C5           0,000     0,000     1,000     0,000     0,000     0,000     0,000     0,000     0,000     0,000     0,000     1,000     0,000     0,000     0,000     1,000
C6           0,000     0,000     0,000     1,000     0,000     0,000     0,000     0,000     0,000     0,000     0,000     0,000     1,000     0,000     0,000     1,000
C7           0,000     0,000     0,000     0,000     0,000     0,000     0,000     1,000    -1,000     0,000     0,000     0,000     0,000     1,000     0,000     0,000
C8           0,000     0,000     0,000     0,000     0,000     1,000     0,000     0,000     0,000     0,000     0,000     0,000     0,000     0,000     1,000     1,000
Z           -2,000    -3,000    -3,000     0,000     0,000     0,000     0,000    -2,000     2,000     0,000     0,000     0,000     5,000     0,000     4,000    11,000

Iteration: 3
Entering: x2
Leaving: s1

Row             x1        x2        x3        x4        x5        x6        s1        e2        a2       sb1       sb2       sb3       sb4       sb5       sb6       RHS
C1           1,375     1,000     0,750     0,000     0,000     0,000     0,125     1,250    -1,250     0,000     0,000     0,000    -1,750     0,000    -1,250     0,750
C2           0,000     0,000     0,000     0,000     1,000     0,000     0,000    -1,000     1,000     0,000     0,000     0,000     0,000     0,000     0,000     1,000
C3           1,000     0,000     0,000     0,000     0,000     0,000     0,000     0,000     0,000     1,000     0,000     0,000     0,000     0,000     0,000     1,000
C4          -1,375     0,000    -0,750     0,000     0,000     0,000    -0,125    -1,250     1,250     0,000     1,000     0,000     1,750     0,000     1,250     0,250
C5           0,000     0,000     1,000     0,000     0,000     0,000     0,000     0,000     0,000     0,000     0,000     1,000     0,000     0,000     0,000     1,000
C6           0,000     0,000     0,000     1,000     0,000     0,000     0,000     0,000     0,000     0,000     0,000     0,000     1,000     0,000     0,000     1,000
C7           0,000     0,000     0,000     0,000     0,000     0,000     0,000     1,000    -1,000     0,000     0,000     0,000     0,000     1,000     0,000     0,000
C8           0,000     0,000     0,000     0,000     0,000     1,000     0,000     0,000     0,000     0,000     0,000     0,000     0,000     0,000     1,000     1,000
Z            2,125     0,000    -0,750     0,000     0,000     0,000     0,375     1,750    -1,750     0,000     0,000     0,000    -0,250     0,000     0,250    13,250

Iteration: 4
Entering: x3
Leaving: x2

Row             x1        x2        x3        x4        x5        x6        s1        e2        a2       sb1       sb2       sb3       sb4       sb5       sb6       RHS
C1           1,833     1,333     1,000     0,000     0,000     0,000     0,167     1,667    -1,667     0,000     0,000     0,000    -2,333     0,000    -1,667     1,000
C2           0,000     0,000     0,000     0,000     1,000     0,000     0,000    -1,000     1,000     0,000     0,000     0,000     0,000     0,000     0,000     1,000
C3           1,000     0,000     0,000     0,000     0,000     0,000     0,000     0,000     0,000     1,000     0,000     0,000     0,000     0,000     0,000     1,000
C4           0,000     1,000     0,000     0,000     0,000     0,000     0,000     0,000     0,000     0,000     1,000     0,000     0,000     0,000     0,000     1,000
C5          -1,833    -1,333     0,000     0,000     0,000     0,000    -0,167    -1,667     1,667     0,000     0,000     1,000     2,333     0,000     1,667     0,000
C6           0,000     0,000     0,000     1,000     0,000     0,000     0,000     0,000     0,000     0,000     0,000     0,000     1,000     0,000     0,000     1,000
C7           0,000     0,000     0,000     0,000     0,000     0,000     0,000     1,000    -1,000     0,000     0,000     0,000     0,000     1,000     0,000     0,000
C8           0,000     0,000     0,000     0,000     0,000     1,000     0,000     0,000     0,000     0,000     0,000     0,000     0,000     0,000     1,000     1,000
Z            3,500     1,000     0,000     0,000     0,000     0,000     0,500     3,000    -3,000     0,000     0,000     0,000    -2,000     0,000    -1,000    14,000

Iteration: 5
Entering: sb4
Leaving: sb3

Row             x1        x2        x3        x4        x5        x6        s1        e2        a2       sb1       sb2       sb3       sb4       sb5       sb6       RHS
C1           0,000     0,000     1,000     0,000     0,000     0,000     0,000     0,000     0,000     0,000     0,000     1,000     0,000     0,000     0,000     1,000
C2           0,000     0,000     0,000     0,000     1,000     0,000     0,000    -1,000     1,000     0,000     0,000     0,000     0,000     0,000     0,000     1,000
C3           1,000     0,000     0,000     0,000     0,000     0,000     0,000     0,000     0,000     1,000     0,000     0,000     0,000     0,000     0,000     1,000
C4           0,000     1,000     0,000     0,000     0,000     0,000     0,000     0,000     0,000     0,000     1,000     0,000     0,000     0,000     0,000     1,000
C5          -0,786    -0,571     0,000     0,000     0,000     0,000    -0,071    -0,714     0,714     0,000     0,000     0,429     1,000     0,000     0,714     0,000
C6           0,786     0,571     0,000     1,000     0,000     0,000     0,071     0,714    -0,714     0,000     0,000    -0,429     0,000     0,000    -0,714     1,000
C7           0,000     0,000     0,000     0,000     0,000     0,000     0,000     1,000    -1,000     0,000     0,000     0,000     0,000     1,000     0,000     0,000
C8           0,000     0,000     0,000     0,000     0,000     1,000     0,000     0,000     0,000     0,000     0,000     0,000     0,000     0,000     1,000     1,000
Z            1,929    -0,143     0,000     0,000     0,000     0,000     0,357     1,571    -1,571     0,000     0,000     0,857     0,000     0,000     0,429    14,000

Iteration: 6  (final tableau)
Entering: x2
Leaving: sb2

Row             x1        x2        x3        x4        x5        x6        s1        e2        a2       sb1       sb2       sb3       sb4       sb5       sb6       RHS
C1           0,000     0,000     1,000     0,000     0,000     0,000     0,000     0,000     0,000     0,000     0,000     1,000     0,000     0,000     0,000     1,000
C2           0,000     0,000     0,000     0,000     1,000     0,000     0,000    -1,000     1,000     0,000     0,000     0,000     0,000     0,000     0,000     1,000
C3           1,000     0,000     0,000     0,000     0,000     0,000     0,000     0,000     0,000     1,000     0,000     0,000     0,000     0,000     0,000     1,000
C4           0,000     1,000     0,000     0,000     0,000     0,000     0,000     0,000     0,000     0,000     1,000     0,000     0,000     0,000     0,000     1,000
C5          -0,786     0,000     0,000     0,000     0,000     0,000    -0,071    -0,714     0,714     0,000     0,571     0,429     1,000     0,000     0,714     0,571
C6           0,786     0,000     0,000     1,000     0,000     0,000     0,071     0,714    -0,714     0,000    -0,571    -0,429     0,000     0,000    -0,714     0,429
C7           0,000     0,000     0,000     0,000     0,000     0,000     0,000     1,000    -1,000     0,000     0,000     0,000     0,000     1,000     0,000     0,000
C8           0,000     0,000     0,000     0,000     0,000     1,000     0,000     0,000     0,000     0,000     0,000     0,000     0,000     0,000     1,000     1,000
Z            1,929     0,000     0,000     0,000     0,000     0,000     0,357     1,571    -1,571     0,000     0,143     0,857     0,000     0,000     0,429    14,143

Relaxation status: Optimal, objective: 14,143
FATHOMED - Reason: BoundNotBetter

========================================
NODE 3 (parent 1, depth 2)
========================================
----------------------------------------
CANONICAL FORM
----------------------------------------

Row             x1        x2        x3        x4        x5        x6        s1        s2        s3       sb1       sb2       sb3       sb4       sb5       sb6       RHS
C1          11,000     8,000     6,000    14,000    10,000    10,000     1,000     0,000     0,000     0,000     0,000     0,000     0,000     0,000     0,000    40,000
C2           0,000     0,000     0,000     0,000     1,000     0,000     0,000     1,000     0,000     0,000     0,000     0,000     0,000     0,000     0,000     0,000
C3           1,000     0,000     0,000     0,000     0,000     0,000     0,000     0,000     1,000     0,000     0,000     0,000     0,000     0,000     0,000     0,000
C4           1,000     0,000     0,000     0,000     0,000     0,000     0,000     0,000     0,000     1,000     0,000     0,000     0,000     0,000     0,000     1,000
C5           0,000     1,000     0,000     0,000     0,000     0,000     0,000     0,000     0,000     0,000     1,000     0,000     0,000     0,000     0,000     1,000
C6           0,000     0,000     1,000     0,000     0,000     0,000     0,000     0,000     0,000     0,000     0,000     1,000     0,000     0,000     0,000     1,000
C7           0,000     0,000     0,000     1,000     0,000     0,000     0,000     0,000     0,000     0,000     0,000     0,000     1,000     0,000     0,000     1,000
C8           0,000     0,000     0,000     0,000     1,000     0,000     0,000     0,000     0,000     0,000     0,000     0,000     0,000     1,000     0,000     1,000
C9           0,000     0,000     0,000     0,000     0,000     1,000     0,000     0,000     0,000     0,000     0,000     0,000     0,000     0,000     1,000     1,000
Obj          2,000     3,000     3,000     5,000     2,000     4,000     0,000     0,000     0,000     0,000     0,000     0,000     0,000     0,000     0,000     0,000

Iterations:

Iteration: 1
Entering: x4
Leaving: sb4

Row             x1        x2        x3        x4        x5        x6        s1        s2        s3       sb1       sb2       sb3       sb4       sb5       sb6       RHS
C1          11,000     8,000     6,000     0,000    10,000    10,000     1,000     0,000     0,000     0,000     0,000     0,000   -14,000     0,000     0,000    26,000
C2           0,000     0,000     0,000     0,000     1,000     0,000     0,000     1,000     0,000     0,000     0,000     0,000     0,000     0,000     0,000     0,000
C3           1,000     0,000     0,000     0,000     0,000     0,000     0,000     0,000     1,000     0,000     0,000     0,000     0,000     0,000     0,000     0,000
C4           1,000     0,000     0,000     0,000     0,000     0,000     0,000     0,000     0,000     1,000     0,000     0,000     0,000     0,000     0,000     1,000
C5           0,000     1,000     0,000     0,000     0,000     0,000     0,000     0,000     0,000     0,000     1,000     0,000     0,000     0,000     0,000     1,000
C6           0,000     0,000     1,000     0,000     0,000     0,000     0,000     0,000     0,000     0,000     0,000     1,000     0,000     0,000     0,000     1,000
C7           0,000     0,000     0,000     1,000     0,000     0,000     0,000     0,000     0,000     0,000     0,000     0,000     1,000     0,000     0,000     1,000
C8           0,000     0,000     0,000     0,000     1,000     0,000     0,000     0,000     0,000     0,000     0,000     0,000     0,000     1,000     0,000     1,000
C9           0,000     0,000     0,000     0,000     0,000     1,000     0,000     0,000     0,000     0,000     0,000     0,000     0,000     0,000     1,000     1,000
Z           -2,000    -3,000    -3,000     0,000    -2,000    -4,000     0,000     0,000     0,000     0,000     0,000     0,000     5,000     0,000     0,000     5,000

Iteration: 2
Entering: x6
Leaving: sb6

Row             x1        x2        x3        x4        x5        x6        s1        s2        s3       sb1       sb2       sb3       sb4       sb5       sb6       RHS
C1          11,000     8,000     6,000     0,000    10,000     0,000     1,000     0,000     0,000     0,000     0,000     0,000   -14,000     0,000   -10,000    16,000
C2           0,000     0,000     0,000     0,000     1,000     0,000     0,000     1,000     0,000     0,000     0,000     0,000     0,000     0,000     0,000     0,000
C3           1,000     0,000     0,000     0,000     0,000     0,000     0,000     0,000     1,000     0,000     0,000     0,000     0,000     0,000     0,000     0,000
C4           1,000     0,000     0,000     0,000     0,000     0,000     0,000     0,000     0,000     1,000     0,000     0,000     0,000     0,000     0,000     1,000
C5           0,000     1,000     0,000     0,000     0,000     0,000     0,000     0,000     0,000     0,000     1,000     0,000     0,000     0,000     0,000     1,000
C6           0,000     0,000     1,000     0,000     0,000     0,000     0,000     0,000     0,000     0,000     0,000     1,000     0,000     0,000     0,000     1,000
C7           0,000     0,000     0,000     1,000     0,000     0,000     0,000     0,000     0,000     0,000     0,000     0,000     1,000     0,000     0,000     1,000
C8           0,000     0,000     0,000     0,000     1,000     0,000     0,000     0,000     0,000     0,000     0,000     0,000     0,000     1,000     0,000     1,000
C9           0,000     0,000     0,000     0,000     0,000     1,000     0,000     0,000     0,000     0,000     0,000     0,000     0,000     0,000     1,000     1,000
Z           -2,000    -3,000    -3,000     0,000    -2,000     0,000     0,000     0,000     0,000     0,000     0,000     0,000     5,000     0,000     4,000     9,000

Iteration: 3
Entering: x2
Leaving: sb2

Row             x1        x2        x3        x4        x5        x6        s1        s2        s3       sb1       sb2       sb3       sb4       sb5       sb6       RHS
C1          11,000     0,000     6,000     0,000    10,000     0,000     1,000     0,000     0,000     0,000    -8,000     0,000   -14,000     0,000   -10,000     8,000
C2           0,000     0,000     0,000     0,000     1,000     0,000     0,000     1,000     0,000     0,000     0,000     0,000     0,000     0,000     0,000     0,000
C3           1,000     0,000     0,000     0,000     0,000     0,000     0,000     0,000     1,000     0,000     0,000     0,000     0,000     0,000     0,000     0,000
C4           1,000     0,000     0,000     0,000     0,000     0,000     0,000     0,000     0,000     1,000     0,000     0,000     0,000     0,000     0,000     1,000
C5           0,000     1,000     0,000     0,000     0,000     0,000     0,000     0,000     0,000     0,000     1,000     0,000     0,000     0,000     0,000     1,000
C6           0,000     0,000     1,000     0,000     0,000     0,000     0,000     0,000     0,000     0,000     0,000     1,000     0,000     0,000     0,000     1,000
C7           0,000     0,000     0,000     1,000     0,000     0,000     0,000     0,000     0,000     0,000     0,000     0,000     1,000     0,000     0,000     1,000
C8           0,000     0,000     0,000     0,000     1,000     0,000     0,000     0,000     0,000     0,000     0,000     0,000     0,000     1,000     0,000     1,000
C9           0,000     0,000     0,000     0,000     0,000     1,000     0,000     0,000     0,000     0,000     0,000     0,000     0,000     0,000     1,000     1,000
Z           -2,000     0,000    -3,000     0,000    -2,000     0,000     0,000     0,000     0,000     0,000     3,000     0,000     5,000     0,000     4,000    12,000

Iteration: 4
Entering: x3
Leaving: sb3

Row             x1        x2        x3        x4        x5        x6        s1        s2        s3       sb1       sb2       sb3       sb4       sb5       sb6       RHS
C1          11,000     0,000     0,000     0,000    10,000     0,000     1,000     0,000     0,000     0,000    -8,000    -6,000   -14,000     0,000   -10,000     2,000
C2           0,000     0,000     0,000     0,000     1,000     0,000     0,000     1,000     0,000     0,000     0,000     0,000     0,000     0,000     0,000     0,000
C3           1,000     0,000     0,000     0,000     0,000     0,000     0,000     0,000     1,000     0,000     0,000     0,000     0,000     0,000     0,000     0,000
C4           1,000     0,000     0,000     0,000     0,000     0,000     0,000     0,000     0,000     1,000     0,000     0,000     0,000     0,000     0,000     1,000
C5           0,000     1,000     0,000     0,000     0,000     0,000     0,000     0,000     0,000     0,000     1,000     0,000     0,000     0,000     0,000     1,000
C6           0,000     0,000     1,000     0,000     0,000     0,000     0,000     0,000     0,000     0,000     0,000     1,000     0,000     0,000     0,000     1,000
C7           0,000     0,000     0,000     1,000     0,000     0,000     0,000     0,000     0,000     0,000     0,000     0,000     1,000     0,000     0,000     1,000
C8           0,000     0,000     0,000     0,000     1,000     0,000     0,000     0,000     0,000     0,000     0,000     0,000     0,000     1,000     0,000     1,000
C9           0,000     0,000     0,000     0,000     0,000     1,000     0,000     0,000     0,000     0,000     0,000     0,000     0,000     0,000     1,000     1,000
Z           -2,000     0,000     0,000     0,000    -2,000     0,000     0,000     0,000     0,000     0,000     3,000     3,000     5,000     0,000     4,000    15,000

Iteration: 5
Entering: x1
Leaving: s3

Row             x1        x2        x3        x4        x5        x6        s1        s2        s3       sb1       sb2       sb3       sb4       sb5       sb6       RHS
C1           0,000     0,000     0,000     0,000    10,000     0,000     1,000     0,000   -11,000     0,000    -8,000    -6,000   -14,000     0,000   -10,000     2,000
C2           0,000     0,000     0,000     0,000     1,000     0,000     0,000     1,000     0,000     0,000     0,000     0,000     0,000     0,000     0,000     0,000
C3           1,000     0,000     0,000     0,000     0,000     0,000     0,000     0,000     1,000     0,000     0,000     0,000     0,000     0,000     0,000     0,000
C4           0,000     0,000     0,000     0,000     0,000     0,000     0,000     0,000    -1,000     1,000     0,000     0,000     0,000     0,000     0,000     1,000
C5           0,000     1,000     0,000     0,000     0,000     0,000     0,000     0,000     0,000     0,000     1,000     0,000     0,000     0,000     0,000     1,000
C6           0,000     0,000     1,000     0,000     0,000     0,000     0,000     0,000     0,000     0,000     0,000     1,000     0,000     0,000     0,000     1,000
C7           0,000     0,000     0,000     1,000     0,000     0,000     0,000     0,000     0,000     0,000     0,000     0,000     1,000     0,000     0,000     1,000
C8           0,000     0,000     0,000     0,000     1,000     0,000     0,000     0,000     0,000     0,000     0,000     0,000     0,000     1,000     0,000     1,000
C9           0,000     0,000     0,000     0,000     0,000     1,000     0,000     0,000     0,000     0,000     0,000     0,000     0,000     0,000     1,000     1,000
Z            0,000     0,000     0,000     0,000    -2,000     0,000     0,000     0,000     2,000     0,000     3,000     3,000     5,000     0,000     4,000    15,000

Iteration: 6  (final tableau)
Entering: x5
Leaving: s2

Row             x1        x2        x3        x4        x5        x6        s1        s2        s3       sb1       sb2       sb3       sb4       sb5       sb6       RHS
C1           0,000     0,000     0,000     0,000     0,000     0,000     1,000   -10,000   -11,000     0,000    -8,000    -6,000   -14,000     0,000   -10,000     2,000
C2           0,000     0,000     0,000     0,000     1,000     0,000     0,000     1,000     0,000     0,000     0,000     0,000     0,000     0,000     0,000     0,000
C3           1,000     0,000     0,000     0,000     0,000     0,000     0,000     0,000     1,000     0,000     0,000     0,000     0,000     0,000     0,000     0,000
C4           0,000     0,000     0,000     0,000     0,000     0,000     0,000     0,000    -1,000     1,000     0,000     0,000     0,000     0,000     0,000     1,000
C5           0,000     1,000     0,000     0,000     0,000     0,000     0,000     0,000     0,000     0,000     1,000     0,000     0,000     0,000     0,000     1,000
C6           0,000     0,000     1,000     0,000     0,000     0,000     0,000     0,000     0,000     0,000     0,000     1,000     0,000     0,000     0,000     1,000
C7           0,000     0,000     0,000     1,000     0,000     0,000     0,000     0,000     0,000     0,000     0,000     0,000     1,000     0,000     0,000     1,000
C8           0,000     0,000     0,000     0,000     0,000     0,000     0,000    -1,000     0,000     0,000     0,000     0,000     0,000     1,000     0,000     1,000
C9           0,000     0,000     0,000     0,000     0,000     1,000     0,000     0,000     0,000     0,000     0,000     0,000     0,000     0,000     1,000     1,000
Z            0,000     0,000     0,000     0,000     0,000     0,000     0,000     2,000     2,000     0,000     3,000     3,000     5,000     0,000     4,000    15,000

Relaxation status: Optimal, objective: 15,000
FATHOMED - Reason: IntegerSolution

========================================
NODE 4 (parent 1, depth 2)
========================================
----------------------------------------
CANONICAL FORM
----------------------------------------

Row             x1        x2        x3        x4        x5        x6        s1        s2        e3        a3       sb1       sb2       sb3       sb4       sb5       sb6       RHS
C1          11,000     8,000     6,000    14,000    10,000    10,000     1,000     0,000     0,000     0,000     0,000     0,000     0,000     0,000     0,000     0,000    40,000
C2           0,000     0,000     0,000     0,000     1,000     0,000     0,000     1,000     0,000     0,000     0,000     0,000     0,000     0,000     0,000     0,000     0,000
C3           1,000     0,000     0,000     0,000     0,000     0,000     0,000     0,000    -1,000     1,000     0,000     0,000     0,000     0,000     0,000     0,000     1,000
C4           1,000     0,000     0,000     0,000     0,000     0,000     0,000     0,000     0,000     0,000     1,000     0,000     0,000     0,000     0,000     0,000     1,000
C5           0,000     1,000     0,000     0,000     0,000     0,000     0,000     0,000     0,000     0,000     0,000     1,000     0,000     0,000     0,000     0,000     1,000
C6           0,000     0,000     1,000     0,000     0,000     0,000     0,000     0,000     0,000     0,000     0,000     0,000     1,000     0,000     0,000     0,000     1,000
C7           0,000     0,000     0,000     1,000     0,000     0,000     0,000     0,000     0,000     0,000     0,000     0,000     0,000     1,000     0,000     0,000     1,000
C8           0,000     0,000     0,000     0,000     1,000     0,000     0,000     0,000     0,000     0,000     0,000     0,000     0,000     0,000     1,000     0,000     1,000
C9           0,000     0,000     0,000     0,000     0,000     1,000     0,000     0,000     0,000     0,000     0,000     0,000     0,000     0,000     0,000     1,000     1,000
Obj          2,000     3,000     3,000     5,000     2,000     4,000     0,000     0,000     0,000     0,000     0,000     0,000     0,000     0,000     0,000     0,000     0,000

Iterations:

Iteration: 0

Row             x1        x2        x3        x4        x5        x6        s1        s2        e3        a3       sb1       sb2       sb3       sb4       sb5       sb6       RHS
C1          11,000     8,000     6,000    14,000    10,000    10,000     1,000     0,000     0,000     0,000     0,000     0,000     0,000     0,000     0,000     0,000    40,000
C2           0,000     0,000     0,000     0,000     1,000     0,000     0,000     1,000     0,000     0,000     0,000     0,000     0,000     0,000     0,000     0,000     0,000
C3           1,000     0,000     0,000     0,000     0,000     0,000     0,000     0,000    -1,000     1,000     0,000     0,000     0,000     0,000     0,000     0,000     1,000
C4           1,000     0,000     0,000     0,000     0,000     0,000     0,000     0,000     0,000     0,000     1,000     0,000     0,000     0,000     0,000     0,000     1,000
C5           0,000     1,000     0,000     0,000     0,000     0,000     0,000     0,000     0,000     0,000     0,000     1,000     0,000     0,000     0,000     0,000     1,000
C6           0,000     0,000     1,000     0,000     0,000     0,000     0,000     0,000     0,000     0,000     0,000     0,000     1,000     0,000     0,000     0,000     1,000
C7           0,000     0,000     0,000     1,000     0,000     0,000     0,000     0,000     0,000     0,000     0,000     0,000     0,000     1,000     0,000     0,000     1,000
C8           0,000     0,000     0,000     0,000     1,000     0,000     0,000     0,000     0,000     0,000     0,000     0,000     0,000     0,000     1,000     0,000     1,000
C9           0,000     0,000     0,000     0,000     0,000     1,000     0,000     0,000     0,000     0,000     0,000     0,000     0,000     0,000     0,000     1,000     1,000
Z            0,000     0,000     0,000     0,000     0,000     0,000     0,000     0,000     0,000     0,000     0,000     0,000     0,000     0,000     0,000     0,000     0,000

Iteration: 0
Entering: Phase 1

Row             x1        x2        x3        x4        x5        x6        s1        s2        e3        a3       sb1       sb2       sb3       sb4       sb5       sb6       RHS
C1          11,000     8,000     6,000    14,000    10,000    10,000     1,000     0,000     0,000     0,000     0,000     0,000     0,000     0,000     0,000     0,000    40,000
C2           0,000     0,000     0,000     0,000     1,000     0,000     0,000     1,000     0,000     0,000     0,000     0,000     0,000     0,000     0,000     0,000     0,000
C3           1,000     0,000     0,000     0,000     0,000     0,000     0,000     0,000    -1,000     1,000     0,000     0,000     0,000     0,000     0,000     0,000     1,000
C4           1,000     0,000     0,000     0,000     0,000     0,000     0,000     0,000     0,000     0,000     1,000     0,000     0,000     0,000     0,000     0,000     1,000
C5           0,000     1,000     0,000     0,000     0,000     0,000     0,000     0,000     0,000     0,000     0,000     1,000     0,000     0,000     0,000     0,000     1,000
C6           0,000     0,000     1,000     0,000     0,000     0,000     0,000     0,000     0,000     0,000     0,000     0,000     1,000     0,000     0,000     0,000     1,000
C7           0,000     0,000     0,000     1,000     0,000     0,000     0,000     0,000     0,000     0,000     0,000     0,000     0,000     1,000     0,000     0,000     1,000
C8           0,000     0,000     0,000     0,000     1,000     0,000     0,000     0,000     0,000     0,000     0,000     0,000     0,000     0,000     1,000     0,000     1,000
C9           0,000     0,000     0,000     0,000     0,000     1,000     0,000     0,000     0,000     0,000     0,000     0,000     0,000     0,000     0,000     1,000     1,000
Z           -1,000     0,000     0,000     0,000     0,000     0,000     0,000     0,000     1,000     0,000     0,000     0,000     0,000     0,000     0,000     0,000    -1,000

Iteration: 1  (final tableau)
Entering: x1
Leaving: a3

Row             x1        x2        x3        x4        x5        x6        s1        s2        e3        a3       sb1       sb2       sb3       sb4       sb5       sb6       RHS
C1           0,000     8,000     6,000    14,000    10,000    10,000     1,000     0,000    11,000   -11,000     0,000     0,000     0,000     0,000     0,000     0,000    29,000
C2           0,000     0,000     0,000     0,000     1,000     0,000     0,000     1,000     0,000     0,000     0,000     0,000     0,000     0,000     0,000     0,000     0,000
C3           1,000     0,000     0,000     0,000     0,000     0,000     0,000     0,000    -1,000     1,000     0,000     0,000     0,000     0,000     0,000     0,000     1,000
C4           0,000     0,000     0,000     0,000     0,000     0,000     0,000     0,000     1,000    -1,000     1,000     0,000     0,000     0,000     0,000     0,000     0,000
C5           0,000     1,000     0,000     0,000     0,000     0,000     0,000     0,000     0,000     0,000     0,000     1,000     0,000     0,000     0,000     0,000     1,000
C6           0,000     0,000     1,000     0,000     0,000     0,000     0,000     0,000     0,000     0,000     0,000     0,000     1,000     0,000     0,000     0,000     1,000
C7           0,000     0,000     0,000     1,000     0,000     0,000     0,000     0,000     0,000     0,000     0,000     0,000     0,000     1,000     0,000     0,000     1,000
C8           0,000     0,000     0,000     0,000     1,000     0,000     0,000     0,000     0,000     0,000     0,000     0,000     0,000     0,000     1,000     0,000     1,000
C9           0,000     0,000     0,000     0,000     0,000     1,000     0,000     0,000     0,000     0,000     0,000     0,000     0,000     0,000     0,000     1,000     1,000
Z            0,000     0,000     0,000     0,000     0,000     0,000     0,000     0,000     0,000     1,000     0,000     0,000     0,000     0,000     0,000     0,000     0,000

Iteration: 1
Entering: x4
Leaving: sb4

Row             x1        x2        x3        x4        x5        x6        s1        s2        e3        a3       sb1       sb2       sb3       sb4       sb5       sb6       RHS
C1           0,000     8,000     6,000     0,000    10,000    10,000     1,000     0,000    11,000   -11,000     0,000     0,000     0,000   -14,000     0,000     0,000    15,000
C2           0,000     0,000     0,000     0,000     1,000     0,000     0,000     1,000     0,000     0,000     0,000     0,000     0,000     0,000     0,000     0,000     0,000
C3           1,000     0,000     0,000     0,000     0,000     0,000     0,000     0,000    -1,000     1,000     0,000     0,000     0,000     0,000     0,000     0,000     1,000
C4           0,000     0,000     0,000     0,000     0,000     0,000     0,000     0,000     1,000    -1,000     1,000     0,000     0,000     0,000     0,000     0,000     0,000
C5           0,000     1,000     0,000     0,000     0,000     0,000     0,000     0,000     0,000     0,000     0,000     1,000     0,000     0,000     0,000     0,000     1,000
C6           0,000     0,000     1,000     0,000     0,000     0,000     0,000     0,000     0,000     0,000     0,000     0,000     1,000     0,000     0,000     0,000     1,000
C7           0,000     0,000     0,000     1,000     0,000     0,000     0,000     0,000     0,000     0,000     0,000     0,000     0,000     1,000     0,000     0,000     1,000
C8           0,000     0,000     0,000     0,000     1,000     0,000     0,000     0,000     0,000     0,000     0,000     0,000     0,000     0,000     1,000     0,000     1,000
C9           0,000     0,000     0,000     0,000     0,000     1,000     0,000     0,000     0,000     0,000     0,000     0,000     0,000     0,000     0,000     1,000     1,000
Z            0,000    -3,000    -3,000     0,000    -2,000    -4,000     0,000     0,000    -2,000     2,000     0,000     0,000     0,000     5,000     0,000     0,000     7,000

Iteration: 2
Entering: x6
Leaving: sb6

Row             x1        x2        x3        x4        x5        x6        s1        s2        e3        a3       sb1       sb2       sb3       sb4       sb5       sb6       RHS
C1           0,000     8,000     6,000     0,000    10,000     0,000     1,000     0,000    11,000   -11,000     0,000     0,000     0,000   -14,000     0,000   -10,000     5,000
C2           0,000     0,000     0,000     0,000     1,000     0,000     0,000     1,000     0,000     0,000     0,000     0,000     0,000     0,000     0,000     0,000     0,000
C3           1,000     0,000     0,000     0,000     0,000     0,000     0,000     0,000    -1,000     1,000     0,000     0,000     0,000     0,000     0,000     0,000     1,000
C4           0,000     0,000     0,000     0,000     0,000     0,000     0,000     0,000     1,000    -1,000     1,000     0,000     0,000     0,000     0,000     0,000     0,000
C5           0,000     1,000     0,000     0,000     0,000     0,000     0,000     0,000     0,000     0,000     0,000     1,000     0,000     0,000     0,000     0,000     1,000
C6           0,000     0,000     1,000     0,000     0,000     0,000     0,000     0,000     0,000     0,000     0,000     0,000     1,000     0,000     0,000     0,000     1,000
C7           0,000     0,000     0,000     1,000     0,000     0,000     0,000     0,000     0,000     0,000     0,000     0,000     0,000     1,000     0,000     0,000     1,000
C8           0,000     0,000     0,000     0,000     1,000     0,000     0,000     0,000     0,000     0,000     0,000     0,000     0,000     0,000     1,000     0,000     1,000
C9           0,000     0,000     0,000     0,000     0,000     1,000     0,000     0,000     0,000     0,000     0,000     0,000     0,000     0,000     0,000     1,000     1,000
Z            0,000    -3,000    -3,000     0,000    -2,000     0,000     0,000     0,000    -2,000     2,000     0,000     0,000     0,000     5,000     0,000     4,000    11,000

Iteration: 3
Entering: x2
Leaving: s1

Row             x1        x2        x3        x4        x5        x6        s1        s2        e3        a3       sb1       sb2       sb3       sb4       sb5       sb6       RHS
C1           0,000     1,000     0,750     0,000     1,250     0,000     0,125     0,000     1,375    -1,375     0,000     0,000     0,000    -1,750     0,000    -1,250     0,625
C2           0,000     0,000     0,000     0,000     1,000     0,000     0,000     1,000     0,000     0,000     0,000     0,000     0,000     0,000     0,000     0,000     0,000
C3           1,000     0,000     0,000     0,000     0,000     0,000     0,000     0,000    -1,000     1,000     0,000     0,000     0,000     0,000     0,000     0,000     1,000
C4           0,000     0,000     0,000     0,000     0,000     0,000     0,000     0,000     1,000    -1,000     1,000     0,000     0,000     0,000     0,000     0,000     0,000
C5           0,000     0,000    -0,750     0,000    -1,250     0,000    -0,125     0,000    -1,375     1,375     0,000     1,000     0,000     1,750     0,000     1,250     0,375
C6           0,000     0,000     1,000     0,000     0,000     0,000     0,000     0,000     0,000     0,000     0,000     0,000     1,000     0,000     0,000     0,000     1,000
C7           0,000     0,000     0,000     1,000     0,000     0,000     0,000     0,000     0,000     0,000     0,000     0,000     0,000     1,000     0,000     0,000     1,000
C8           0,000     0,000     0,000     0,000     1,000     0,000     0,000     0,000     0,000     0,000     0,000     0,000     0,000     0,000     1,000     0,000     1,000
C9           0,000     0,000     0,000     0,000     0,000     1,000     0,000     0,000     0,000     0,000     0,000     0,000     0,000     0,000     0,000     1,000     1,000
Z            0,000     0,000    -0,750     0,000     1,750     0,000     0,375     0,000     2,125    -2,125     0,000     0,000     0,000    -0,250     0,000     0,250    12,875

Iteration: 4
Entering: x3
Leaving: x2

Row             x1        x2        x3        x4        x5        x6        s1        s2        e3        a3       sb1       sb2       sb3       sb4       sb5       sb6       RHS
C1           0,000     1,333     1,000     0,000     1,667     0,000     0,167     0,000     1,833    -1,833     0,000     0,000     0,000    -2,333     0,000    -1,667     0,833
C2           0,000     0,000     0,000     0,000     1,000     0,000     0,000     1,000     0,000     0,000     0,000     0,000     0,000     0,000     0,000     0,000     0,000
C3           1,000     0,000     0,000     0,000     0,000     0,000     0,000     0,000    -1,000     1,000     0,000     0,000     0,000     0,000     0,000     0,000     1,000
C4           0,000     0,000     0,000     0,000     0,000     0,000     0,000     0,000     1,000    -1,000     1,000     0,000     0,000     0,000     0,000     0,000     0,000
C5           0,000     1,000     0,000     0,000     0,000     0,000     0,000     0,000     0,000     0,000     0,000     1,000     0,000     0,000     0,000     0,000     1,000
C6           0,000    -1,333     0,000     0,000    -1,667     0,000    -0,167     0,000    -1,833     1,833     0,000     0,000     1,000     2,333     0,000     1,667     0,167
C7           0,000     0,000     0,000     1,000     0,000     0,000     0,000     0,000     0,000     0,000     0,000     0,000     0,000     1,000     0,000     0,000     1,000
C8           0,000     0,000     0,000     0,000     1,000     0,000     0,000     0,000     0,000     0,000     0,000     0,000     0,000     0,000     1,000     0,000     1,000
C9           0,000     0,000     0,000     0,000     0,000     1,000     0,000     0,000     0,000     0,000     0,000     0,000     0,000     0,000     0,000     1,000     1,000
Z            0,000     1,000     0,000     0,000     3,000     0,000     0,500     0,000     3,500    -3,500     0,000     0,000     0,000    -2,000     0,000    -1,000    13,500

Iteration: 5
Entering: sb4
Leaving: sb3

Row             x1        x2        x3        x4        x5        x6        s1        s2        e3        a3       sb1       sb2       sb3       sb4       sb5       sb6       RHS
C1           0,000     0,000     1,000     0,000     0,000     0,000     0,000     0,000     0,000     0,000     0,000     0,000     1,000     0,000     0,000     0,000     1,000
C2           0,000     0,000     0,000     0,000     1,000     0,000     0,000     1,000     0,000     0,000     0,000     0,000     0,000     0,000     0,000     0,000     0,000
C3           1,000     0,000     0,000     0,000     0,000     0,000     0,000     0,000    -1,000     1,000     0,000     0,000     0,000     0,000     0,000     0,000     1,000
C4           0,000     0,000     0,000     0,000     0,000     0,000     0,000     0,000     1,000    -1,000     1,000     0,000     0,000     0,000     0,000     0,000     0,000
C5           0,000     1,000     0,000     0,000     0,000     0,000     0,000     0,000     0,000     0,000     0,000     1,000     0,000     0,000     0,000     0,000     1,000
C6           0,000    -0,571     0,000     0,000    -0,714     0,000    -0,071     0,000    -0,786     0,786     0,000     0,000     0,429     1,000     0,000     0,714     0,071
C7           0,000     0,571     0,000     1,000     0,714     0,000     0,071     0,000     0,786    -0,786     0,000     0,000    -0,429     0,000     0,000    -0,714     0,929
C8           0,000     0,000     0,000     0,000     1,000     0,000     0,000     0,000     0,000     0,000     0,000     0,000     0,000     0,000     1,000     0,000     1,000
C9           0,000     0,000     0,000     0,000     0,000     1,000     0,000     0,000     0,000     0,000     0,000     0,000     0,000     0,000     0,000     1,000     1,000
Z            0,000    -0,143     0,000     0,000     1,571     0,000     0,357     0,000     1,929    -1,929     0,000     0,000     0,857     0,000     0,000     0,429    13,643

Iteration: 6  (final tableau)
Entering: x2
Leaving: sb2

Row             x1        x2        x3        x4        x5        x6        s1        s2        e3        a3       sb1       sb2       sb3       sb4       sb5       sb6       RHS
C1           0,000     0,000     1,000     0,000     0,000     0,000     0,000     0,000     0,000     0,000     0,000     0,000     1,000     0,000     0,000     0,000     1,000
C2           0,000     0,000     0,000     0,000     1,000     0,000     0,000     1,000     0,000     0,000     0,000     0,000     0,000     0,000     0,000     0,000     0,000
C3           1,000     0,000     0,000     0,000     0,000     0,000     0,000     0,000    -1,000     1,000     0,000     0,000     0,000     0,000     0,000     0,000     1,000
C4           0,000     0,000     0,000     0,000     0,000     0,000     0,000     0,000     1,000    -1,000     1,000     0,000     0,000     0,000     0,000     0,000     0,000
C5           0,000     1,000     0,000     0,000     0,000     0,000     0,000     0,000     0,000     0,000     0,000     1,000     0,000     0,000     0,000     0,000     1,000
C6           0,000     0,000     0,000     0,000    -0,714     0,000    -0,071     0,000    -0,786     0,786     0,000     0,571     0,429     1,000     0,000     0,714     0,643
C7           0,000     0,000     0,000     1,000     0,714     0,000     0,071     0,000     0,786    -0,786     0,000    -0,571    -0,429     0,000     0,000    -0,714     0,357
C8           0,000     0,000     0,000     0,000     1,000     0,000     0,000     0,000     0,000     0,000     0,000     0,000     0,000     0,000     1,000     0,000     1,000
C9           0,000     0,000     0,000     0,000     0,000     1,000     0,000     0,000     0,000     0,000     0,000     0,000     0,000     0,000     0,000     1,000     1,000
Z            0,000     0,000     0,000     0,000     1,571     0,000     0,357     0,000     1,929    -1,929     0,000     0,143     0,857     0,000     0,000     0,429    13,786

Relaxation status: Optimal, objective: 13,786
FATHOMED - Reason: BoundNotBetter

----------------------------------------
BEST CANDIDATE
----------------------------------------
Objective value: 15,000

Variable values:
x1 = 0,000
x2 = 1,000
x3 = 1,000
x4 = 1,000
x5 = 0,000
x6 = 1,000
